module	Origin	8MPa	15MPa	30MPa	8MPaII	15MPaII	30MPaII
M00001	3841.026668513	4014.7709900019995	3812.576002496999	3920.470380607	3940.5215136209995	3693.960744033001	3606.403682769001
M00002	1973.9933017569995	2131.6107987469995	2073.1995619439995	2167.2652353080002	2178.6199994309995	2170.5720670690002	2080.053366658
M00003	2852.575088786	2941.5569503909996	2794.8200976609987	2879.2160884570008	2876.456816021999	2686.779219053001	2638.8657833419998
M00004	1554.9148910719994	1834.9191339080005	1702.0901147260004	1855.2001816820002	1871.9475286509999	1967.474658936	1949.3459896339998
M00005	263.132298255	321.74826938100006	294.63580124099997	308.95387383399986	308.86939956700013	342.9084622850002	297.9907889269998
M00006	157.170272976	327.89887558100014	310.82674587200006	396.730570554	407.55039467299997	587.1428145720001	547.3279876019999
M00007	1048.0163587199997	1191.2951066480005	1096.952671191	1156.559428446	1166.8081997799998	1106.7851285680001	1126.4552295189999
M00008	213.957283614	464.4632122510001	398.26668209999997	528.289937604	516.6784750539999	874.3134144460003	756.1784920510001
M00009	4854.89218498	5127.863159261001	4845.922742272	4823.694630378999	4765.736682627	4612.468822567999	4509.367348434
M00010	992.5824156490003	1072.3231980170003	985.746395318	985.9403744130001	957.6549631030001	1041.2425617619992	989.5768753059998
M00011	3862.309769331	4055.539961244001	3860.176346953999	3837.7542559660005	3808.081719524	3571.2262608060005	3519.790473128
M00012	897.5943470770001	955.4046528840003	849.218961478	905.5287267170002	885.344685229	1099.6745286089995	1044.54118553
M00013	956.7912650309997	775.0636182569997	634.8480617289999	619.768494155	597.976520341	740.394182944	641.042596262
M00014	1564.421223973	1198.7533911060004	948.9353100690003	948.4730725180004	911.1881604059997	843.0734096589999	820.477062895
M00015	793.9571048369999	808.9127201369997	729.5614342800002	774.1085474149996	746.707074703	807.2009499520001	724.163284132
M00016	2602.6855986890005	2993.2981941000003	2775.049901662999	2873.829408338	2812.2323483269997	2901.877088056	2779.066167992
M00017	2558.2387050469997	2445.0865507310004	2265.7998979629997	2275.1410523650006	2248.683617269	2276.693366691999	2214.751646075
M00018	1596.3403788130001	1722.6578577590003	1638.6477155359996	1662.381910956	1659.2944790249996	1574.6882670129996	1574.090916871
M00019	1655.7180856880007	1872.4390323770003	1695.3116813129998	1802.7915729540007	1774.7931448539996	1796.7132257310004	1771.725582796999
M00020	938.9716694260002	947.6974288440002	901.7818643880005	944.1367338730004	938.9488940420003	903.6821598580003	898.8519647900005
M00021	744.1398153550001	790.0179435500002	718.751586481	722.448125318	721.7229827560003	645.7890961020001	634.2863279639998
M00022	2553.2881605410003	2570.144949257	2390.56002182	2376.1448038589992	2350.743763885	2107.8251023029998	2005.6408021970005
M00023	2128.365485334	2240.113407268	2030.1499247880001	2097.508766059	2031.873988845	2079.770644423	1856.6246241349997
M00024	449.83572975299995	427.6911185800001	427.44961669899993	442.07762150400004	449.33717185299986	429.50950394099993	493.32092532
M00025	515.078202387	483.8382200710001	501.2216008230001	519.9617169339999	539.913994468	474.06816211699993	551.8901257389999
M00026	3148.998939592	3183.2621406410003	3116.6676264300004	3257.579651113001	3161.581199855	3085.753114969	2984.6923443049996
M00027	266.11091084200007	352.47518213500007	278.506821146	314.10377903899985	309.84345872200004	536.6222800260001	505.211757901
M00028	1602.6722102920003	1636.119704043	1502.2731289519998	1602.3434648860004	1559.5800551000002	1643.1378313339997	1585.865010741
M00029	1030.01477285	1043.6503508640003	1001.3728504829999	1024.0079053070003	999.6347326409998	924.2733112290002	938.8615729979999
M00030	30.986835045000014	71.02900713099999	69.276011408	72.57275574200001	77.17859147199998	118.04668154000001	113.41646909899997
M00031	1.5324499440000001	0.676328327	1.817983555	0.378142774	0.394735388	0.078192863	0.064828838
M00033	839.6651259639999	972.0208031060001	888.7864903779997	912.1602815100001	890.7236164949999	951.8691124279999	826.0908879510002
M00034	1424.0674737639997	1446.3693987629993	1399.8946580249997	1451.5444934910001	1445.163939084	1477.4377132559998	1418.0081847970005
M00035	598.7430157120002	614.7419682399998	689.9339138300002	660.6814962530002	671.3453337259998	629.4627262459998	648.0993555660001
M00036	3023.325315168001	2561.412826832	1994.9344087059985	2139.473776476	2082.9696960109995	2904.061727071	2616.78602
M00037	16.115723138	47.20401281099999	41.729681854	32.447514648	34.400284535000004	26.202020784999995	19.890630333999997
M00038	341.3378532410002	338.6797423160001	360.9582442159999	374.2942536869999	369.1233484499999	427.1008251419999	451.343295445
M00039	46.755505999	57.912259586	72.63438192	74.40254258499998	85.07799262000002	64.02191422099999	84.86009432000002
M00040	261.016597195	306.63877574800006	289.23653237400003	313.58046596300005	315.8399794139999	379.711234354	370.72177605099995
M00042	16.092319378000003	47.48581128099999	42.020123635	32.837811689000006	34.441864904000006	27.953356297999996	23.815322623
M00044	95.33712175999997	178.95626092999998	165.11500878100003	237.394203943	229.46013561100006	537.054973458	527.5898389049999
M00045	502.3613152610001	914.7209818150002	956.7833936839999	879.6279422069999	889.0708702730002	808.3092728270001	895.1353928860001
M00046	229.89111685899996	276.361488388	205.569977251	255.372688903	257.56659908500006	314.739454623	333.72683679599993
M00047	93.748183644	22.918631100999995	15.477885029000001	11.501857277000001	8.323717159	4.292613341	4.252107458999999
M00048	2865.9861925250007	2901.1038263910004	2773.3064158130005	2855.042400184	2773.9689879219995	2845.0374745759996	2694.2583223330003
M00049	1359.5604228889997	1395.4159295470001	1378.0177237820003	1413.2697348109998	1429.4441252919996	1440.2566476569996	1424.2636370359996
M00050	1675.4029933360002	1656.3776412760005	1550.523723933	1566.956948673	1549.9811268789997	1574.9537421440002	1509.5509520569994
M00051	3016.995977025	3219.9117082219996	2932.48218852	2976.6753523439993	2877.4125497310006	2818.8333708470004	2607.3924768179995
M00052	748.690501994	743.1942348350001	749.938880234	743.146986723	739.4026853770004	702.046090271	715.2700847240001
M00053	1995.8505266369996	2284.819307347	2200.143853363	2268.5881006100003	2229.906108367001	2345.094547789	2220.5606834340006
M00055	18.438689689000004	33.560686691	57.371744617	32.660285292	36.098329746000005	24.580504383	29.070288861
M00056	0.0	0.028262835	0.101281264	0.118463532	0.029071297000000006	0.051239009	0.036507708
M00057	0.019581955	0.237644894	0.240198318	0.250763263	0.253844407	1.797918015	1.050785308
M00059	0.0	0.576786804	0.0	0.0	0.16951025	0.14938338	0.53217703
M00060	1687.7889630589998	1376.282957179	1186.55718242	1253.3983490620003	1222.8533398969998	1593.6721933520002	1413.4218366019998
M00061	200.07384368400002	362.201754905	275.919613333	342.100831337	336.7651374630001	482.35435262600015	497.1643182350001
M00063	665.343077998	559.7812994689998	498.225673015	550.0522073569998	522.890311828	665.5605553989999	595.9788661959999
M00064	300.84643946100005	430.5643826510001	401.32828567200005	514.3661460720001	534.5558362070001	743.4145256579999	637.729656952
M00065	12.806110777	40.85644228300001	33.518834794	23.478808955999998	21.629841325000005	15.026523673	9.163872319000003
M00066	1.009295388	2.8204335090000003	4.2381803	6.463257272999999	9.914877925	36.763642415999996	41.552573761999994
M00072	5.5640755760000005	9.991469816	16.403169478	10.684532285	11.819757474000003	13.226320270000002	12.092760547000001
M00076	18.705348152000003	65.179080909	59.740201387	57.67887230999999	69.394754721	116.16234824899999	106.602006784
M00077	17.343026777000002	57.98624992600001	52.837246992	47.652845414999994	53.547338784	86.918477331	81.11208861700001
M00078	201.657346211	89.021077136	73.978576417	99.47446347399999	145.87731483599998	242.450528418	228.901111711
M00079	99.10866714	41.997695363000005	41.148126786999995	49.233718240000016	74.245367796	95.784818829	115.224912772
M00081	3.105887618	13.676497516	33.409407131	40.053794411000005	55.44883513800001	75.821289319	103.943305999
M00082	1435.8667617539998	1441.5882155690003	1271.1224144880002	1349.59151082	1366.827745362	1396.9651914849999	1391.696705009
M00083	3179.3666418379994	2731.061240724001	2307.950169816001	2387.562206929999	2344.768427501001	2755.353785877	2532.7232363490007
M00085	188.728886205	53.066856040999994	25.594210255	20.195220339	13.401429037000002	4.3625079300000005	4.045293439
M00086	1935.1398245149994	1091.017949436	839.6247589099993	772.4570336769996	751.9115428549998	775.6096487610001	721.3342189900002
M00087	3438.2464619710017	2175.092986941	1560.8665459569988	1651.7116016799998	1512.8831321019995	2382.2910242769995	2132.921462974999
M00088	1580.274262844	1369.757258499001	1093.4308536679994	1036.9727868539997	997.3937205679991	1166.8532612699996	983.2643746030003
M00089	676.725667938	576.9978789670007	499.36069508900005	493.8281453659999	502.387714432	477.467986319	451.09687728400013
M00090	31.653732798	27.018385238	47.850616753	42.027842891	40.187122728	9.40935124	20.405171753999998
M00091	10.997961900999998	31.299705511000013	28.219108148000004	29.364518098	27.38404494599999	50.62677854099999	49.179365668
M00092	31.09327934	26.226706412	47.399330823999996	41.121009335000004	39.269353556	10.604331277	20.834343445
M00093	713.3780527859999	647.7704853800001	611.8493038320001	595.7778699910001	595.5689966839999	660.8809583959999	660.2929713699999
M00094	112.357967446	42.55638194	26.687587446000002	27.66027555	22.058364276999995	19.132956087	13.663598984
M00095	1573.1093746860001	1291.9062400250011	1121.4797714049994	1001.9158183579997	961.2195171239991	941.1059140329996	859.0300596090002
M00096	1555.3790468700001	1609.28767851	1509.4393563229996	1583.7633556489998	1599.8978955920006	1604.3607927490002	1577.3735638470002
M00097	38.795067483	79.86604716400001	68.389623756	96.89302785600003	88.571825718	132.055386291	130.81429213599998
M00098	754.9760271180003	307.10846463199994	231.77590782299998	232.14396334400004	212.122142245	237.38756013600008	185.32980949600002
M00099	166.109592168	126.05859210399998	98.75533104399997	116.072593721	132.560136936	171.97311115000002	151.484755397
M00100	221.469781662	140.87828812600003	108.713019976	77.680899452	82.417467502	49.636580660999996	34.414351292000006
M00101	7.9241862869999995	16.706266016999997	13.588895946	15.395007914999999	15.866194101000001	30.648630480999998	30.081229899
M00102	57.012060586	83.77827713799999	59.468157164000004	66.28506157300001	60.258284030000006	60.026455909000006	50.218750059
M00104	229.68044728299998	106.04830500299998	72.596204395	77.469306986	72.40068771500003	104.45293854099994	91.32105199300003
M00112	52.774466362	70.776434837	47.090913411	45.553022516	47.962239335	50.071688776	53.630731588
M00113	0.4744178	1.2636776130000005	0.813972173	1.6229107709999997	1.32140359	1.810948484	0.958631389
M00114	307.2289462120001	179.44441952300002	164.68354712300007	150.467773215	155.287709861	125.22019127600001	155.77429877400002
M00115	1457.7878800479998	1418.185828848	1359.4085074339996	1371.8565858790002	1352.717067694	1365.5314765470007	1311.8822897929997
M00116	548.18305601	505.148533597	507.27084594800004	539.610469045	570.1810247260003	623.3096499550002	606.8496483889999
M00117	1304.116066024	1693.236557363	1536.3639650950001	1681.314616646	1631.655415701	2047.2827111770002	1788.7780173380002
M00118	211.75154292499997	306.830766221	270.13026907200003	310.917085559	303.984875959	436.91709629900004	380.4134777290001
M00119	880.4164285530001	939.7165762759996	922.0788224209999	922.301234207	927.353018351	857.8249506640002	835.920307815
M00120	946.7488465040001	948.2116017329998	915.257547791	949.9853700790002	944.8004339069998	935.5326580800003	919.7752129960002
M00121	2473.592196311001	2499.933521366	2246.964559654001	2372.7239514579996	2319.668295268	2663.686842714	2462.5778330130006
M00122	1123.9844994339999	1186.8861503350001	1072.660317762	1048.989059054	1007.2956404089999	1022.704159848	949.5574445629998
M00123	680.715106698	571.183330996	512.0373582100001	562.9563932320002	546.7714804240002	706.8192905559999	704.2417070309999
M00124	509.0082632299999	625.3664729579999	501.79379604699994	616.984022033	589.626626115	918.0722912960003	807.36247817
M00125	816.168622505	980.9164459129997	916.8906953950001	964.2155066330001	946.410391211	886.5963264389999	912.5130578600001
M00126	1752.0673915379996	1809.4279843000006	1645.1267094199998	1796.797769487	1817.638345168	2135.686548781	2050.3373028439996
M00127	298.65485656399994	270.367570679	343.24861680899994	330.4909527430001	333.5303831709999	300.4594168440001	324.520175312
M00128	23.973843998000003	46.879998739	43.130118335	61.692848746	60.088445768999996	120.16544849400002	112.862830845
M00129	441.142637973	585.3073048020001	544.9780051750002	575.0947791540002	575.3327905459997	589.5580474990002	608.4071800600001
M00130	0.0	0.0	0.146545237	0.070120838	0.0	0.0	0.07923524700000001
M00131	288.0921185499999	376.641016256	327.6807930640002	350.5593926269997	335.40846815799995	407.7191752429997	356.4970258290004
M00133	164.28117050400004	275.519207422	313.2381644139999	307.72572423900004	320.792988174	314.31829407500004	337.882002307
M00134	174.79674114500003	123.67840654099997	103.60445634100004	128.76778280899998	118.73225743100001	169.25677901900002	150.31369222200007
M00135	139.28492779299995	283.20941013799995	281.65531486300006	328.48566277999987	359.626772372	482.035564448	570.1714533730003
M00136	198.266165568	247.13379597600002	183.04597136999993	198.20120976000004	187.40838112500003	279.05433396700005	280.98895042899994
M00137	0.231711479	0.923252124	0.49953708399999996	1.2347428599999999	0.862294608	1.2634425550000001	0.389702439
M00140	530.24753654	577.7605495620003	562.2699635260001	569.9041724459996	574.9252131030003	580.6945296759997	582.9734157740002
M00141	386.066240281	384.24051587200006	350.4735353920002	339.56246507099985	346.7188719280002	339.97069782899985	331.03018502400005
M00143	14.750637935999999	30.190827093	21.775556557	32.60515006500001	29.404846818	48.03851065	51.403201339
M00144	1942.1727302289996	1646.772789588	2009.2929805940003	1970.1203520309998	1953.2875880319996	1806.9465925569998	2068.989887523
M00145	5.249410032999999	20.623927560000002	12.587692395	14.837048680999994	15.616830101000001	37.515113852	27.497112927
M00146	15.915875647000004	29.511142631	24.133876139999995	32.715793690999995	28.412354043999997	43.30182397	36.624130478999994
M00149	561.0169704279999	560.821233016	491.22722010100006	522.4673017270002	496.008591899	641.8075480440001	578.627697577
M00150	128.212457422	166.87657144700003	147.63454564100002	172.08058327499998	170.16677263499997	117.353304841	143.52510524999994
M00151	137.74653853400002	243.87341814699994	220.66647722099992	277.159611077	280.237542346	449.42569261400007	404.1486594250001
M00152	108.39849710200002	220.05839119399994	195.05513674199995	249.16381522700001	248.55644194699994	426.5298996160001	386.761947663
M00153	462.091788567	581.6410241880001	476.5824091609999	483.4555096729999	464.581538088	591.1344193510004	470.9156844310001
M00154	85.57221056799999	207.26100909500002	171.270159895	231.75102125799995	213.62965599300003	418.13107222999986	342.486902645
M00156	339.17712470500004	457.59110144300007	450.32951333899985	575.1208149770001	552.205682906	680.0022427160001	619.3991330979998
M00157	2572.886424584	2558.071272501	2248.8519438450003	2218.601800900001	2174.4512712419996	1964.7648302129996	1849.537128852
M00158	0.118275006	0.29443593	0.219817855	1.009740072	1.060004102	1.701476699	1.996728217
M00159	420.7592996700001	474.23297374500004	786.320167675	728.2928342079999	800.691537719	560.5051478710001	660.758071518
M00160	0.048539674000000005	1.367707258	2.229498489	3.7061036130000002	7.284749554	11.414989591	12.70343699
M00162	231.962506395	139.24321686500005	97.80659719199997	79.22355375200002	82.147254808	51.998917728	30.105272134
M00165	2876.9955959269996	3372.558223167	3086.4044058679992	3217.4613950799994	3211.2021164180005	2933.39416749	2872.2424085909997
M00166	744.0980310759999	885.71016521	878.6192832029999	931.2488716840002	918.1449468160001	876.6518619260003	808.9129543399999
M00167	2132.8975648509995	2486.848057957	2207.7851226649996	2286.2125233959987	2293.057169602	2056.742305564	2063.329454251
M00168	213.68042836800007	227.11931636600008	202.08834367499995	222.64990575	218.66707061599996	303.88755964999996	299.86886635999997
M00169	321.217207395	384.187477298	353.60370212199996	370.279816708	387.04295494200005	389.3278592700002	377.90825760300004
M00170	369.9301252709998	308.6918787360001	242.97092864699997	285.11030974799996	267.03435351899986	319.082032377	282.51830262399994
M00171	286.200448474	359.972983284	316.17541497199994	334.972035497	351.32635601	358.47362620800016	333.131588011
M00172	348.894371138	463.047491515	413.76103967099993	456.20075355100005	469.737989846	539.7651042290003	512.0072375020001
M00173	6673.443147148	5990.594479336002	5665.100924268	5414.948065892	5292.133657401999	4542.95437174	4429.8966755110005
M00174	2.5903844390000006	5.781955134	7.374009048	6.901731604	8.529962727999997	45.480354778999995	40.470135298
M00175	41.038662075	90.82895322299998	85.533339283	114.313441735	123.08403621500001	121.966612883	103.62983226700003
M00176	682.3754647050001	816.5314951890002	816.8748269359999	877.8152698010001	843.289130953	1092.7609121350004	1093.4587032749998
M00307	2451.9821443010005	2279.4013903220007	2081.9117984649997	1992.0813099170007	1937.9982199239996	1711.6903631659998	1611.2820106050003
M00308	736.9626900429997	895.714947889	851.3902131649999	935.1580195190003	928.7258055580003	1019.1519024680005	971.775007605
M00309	2472.614398752	1393.5475805380008	1188.4566828260001	959.3318087129995	897.7849319070003	472.34644990499993	425.140797781
M00338	67.98618234899999	98.49189981600001	113.17220596999996	98.18144456899992	91.96359835699998	79.30792032699995	82.520458535
M00344	538.0780564079998	623.1593040430002	548.3691949949998	556.3810586379997	555.82423702	492.8721881070001	486.70209063100003
M00345	829.0802234569998	800.2732605310001	717.0885581679998	692.3745399789997	692.7652319289999	548.8999183760002	551.573108485
M00346	936.6544297330001	1010.624340872	967.332987989	1051.1484584510001	1048.9897260650002	1336.0080617769997	1287.5749902729997
M00356	6369.660755755001	4121.954788458998	3200.4618628510007	2457.4858675599994	2312.3057634560014	1423.1015168429997	1022.1021018640001
M00357	7445.610390684002	5240.412112899998	4347.890024167999	3528.175081121999	3368.2408679470013	2311.884245136	1906.911642932
M00358	240.181459796	92.96276387300001	68.039950807	59.53228217500001	60.400189117	51.24389450799999	55.56367444
M00364	314.29116571	383.234021366	393.970402207	389.553198659	386.09739817300004	361.96664503000005	342.79091822800007
M00365	58.067164045999995	104.67812883500005	145.02057159100002	113.81939065199998	120.75760158499997	80.82081955600002	100.014012302
M00366	284.457849594	336.016342322	334.402481155	327.15524718899997	326.37691886300007	268.15701305600004	250.57672688999997
M00367	44.736605581999996	88.73449554400005	115.816713928	95.05162722899999	101.77640630899998	67.12379330700001	85.50742330199999
M00368	302.6138424350001	313.16451053999987	308.9422003570001	320.72421439800013	322.9492464689999	302.30729068899984	296.9182468720001
M00372	9.752658237	23.953054798	18.771053311	25.957751738999995	23.568157005	30.49510288	33.187403559
M00373	1824.7794483849998	1560.8728784130005	1223.6464044939994	1189.434108923	1139.6908977379992	1304.16052288	1121.9470348280001
M00374	4806.388458476001	3777.7469738880013	3350.096533262	3145.6192063930002	2999.375429735999	2904.7641927209997	2714.6823558980004
M00375	2141.709560929	1614.2187258090007	1367.7418854699995	1250.4865313819996	1185.9693589919991	1094.1331069409996	989.0997052420003
M00376	1928.893970092	1962.4651238200001	1774.1303682060002	1822.091331801	1805.5520903340002	1881.9349171099996	1840.053528541
M00377	2721.3908423109997	1987.597632381	1628.3073545280001	1431.3880769119999	1397.4735823	1052.1898177819999	975.5693871800001
M00378	24.316940785999996	28.112927141000004	40.30509712999999	35.34550444	35.940064922999994	25.641267968	33.802159863
M00416	0.0	0.19618295300000002	0.367251117	0.337117528	0.276920794	0.13910257199999998	0.239360246
M00417	17.633204556000003	81.570228289	41.922462013	65.245058408	62.792237277	188.07558809699998	265.175145247
M00418	3.463580039	4.850743600999999	7.268298144	10.205755760999999	9.402473453999999	6.5929377890000005	6.463075009000001
M00422	350.96433049899997	336.87817174300005	311.812279315	248.62353689599996	242.081099527	162.313481154	149.516539439
M00432	1126.2166401329998	1153.0261499890003	1059.8238935929999	1152.6210329459996	1126.334735522	1239.2940046210006	1165.460406246
M00433	22.647888186999992	30.569650967	38.177449973	34.505935216	35.606433124000006	24.07999241	28.371978083000002
M00525	1926.9001041660001	2078.9813018990003	1938.2728470579996	2013.1938913579997	1970.9638402780004	1955.1161488170005	1873.1954681530008
M00526	1599.5629985879998	1708.1514941940004	1590.9484357499996	1656.0144473349997	1633.429244307	1713.172823542	1642.6817794700005
M00527	2043.588623847	2150.9169067020002	1988.7743438829996	2037.9208455859998	1995.2606580020001	2044.6043129080003	1926.1462152300005
M00528	378.10609758299984	165.44159754900002	122.25146592099999	101.61159288400002	95.761828674	58.248222065	45.183185939999994
M00529	439.44889458899996	712.1633651469999	620.7433640820001	755.6507659309999	721.5614991040001	1016.9075767710001	764.742501119
M00530	445.744141331	646.199556769	566.815726751	674.513756032	655.578220157	843.2766098089999	717.661995079
M00531	40.508027307000006	99.74560083699998	96.05741238799999	103.35579083000002	96.10196511500003	146.66817144599997	131.82258879900002
M00532	407.09633239999994	552.5487822990001	545.0843959830001	598.3607204959997	601.1075972880002	715.397988115	710.2801059980001
M00533	27.254173014000003	56.216399855999995	56.270965027	43.03122145200001	43.141082366999996	54.67020701	77.760208295
M00534	3.806570596	11.517134158	8.902977098000003	12.263270903000002	11.083523634000002	36.841536923999996	48.954341045999996
M00535	742.825181776	771.267149727	720.4958266840001	778.7457409129997	763.274200448	834.3223526440005	807.02655306
M00537	0.278148203	1.522654328	1.3224968860000001	5.582711259	4.904337014999999	13.629806805	14.422878586
M00538	16.261338173999995	28.331966429	43.838310287000006	48.362125709	48.218590242999994	34.517122586	40.514916391
M00539	11.570609379	17.62141245	15.748301543	21.557753512000005	17.937311195	16.510449119999997	12.28539382
M00540	111.197552199	35.45249543999999	16.288529976	15.828481224999999	11.070888841	21.897730201	30.473514831
M00541	616.885550006	388.00027968	290.868972027	210.88750759499996	192.42827790299998	115.31989961	71.43997887500001
M00542	0.0	0.078891186	0.741894062	27.649203298000003	24.245069446000002	345.557974534	434.493855553
M00543	1.032816771	2.26547583	1.9421220129999999	2.147035432	2.094924686	1.542402682	1.1228940109999999
M00544	0.0198448	0.086453503	0.08851725699999999	0.091768882	0.215964402	0.08956319	0.031906811
M00545	60.155169599	137.606924731	131.92767369400002	157.592813079	154.423297861	256.082837803	285.235769355
M00546	275.979206036	548.0976419069999	476.091212796	599.8728628580002	581.2524543449998	1054.096283574	1064.300530339
M00548	16.707080535	72.748056337	51.76510025699999	74.541048575	69.964393205	96.03877247	65.833694745
M00549	890.992567513	1107.089674605	1015.3545028799999	1077.512291824	1068.885380263	973.3446519520003	963.7821190580005
M00550	455.40362291300005	617.436327536	556.5757239920001	550.630156052	583.938371142	352.223550595	418.279585425
M00551	49.507149263	107.192811059	84.81047039700002	122.16910291000002	110.401352127	199.05182300500002	133.669463785
M00552	842.9770400679998	879.6393165540001	823.5927448959999	883.9248131230001	869.4853120070002	849.5577970160003	822.94321253
M00554	257.47395438700005	289.000282444	275.9960042140001	257.02859418900005	269.497364739	159.806114622	177.56908897700004
M00555	96.36131484099998	237.0794112210001	181.040433978	261.35690743199984	245.82454994200012	468.97577770899994	404.23123377100006
M00563	6974.188192483001	4668.973867103999	3736.5943994610006	2890.4652544949995	2709.915633625001	1664.7480539579994	1259.81114484
M00564	9.150095304000002	16.309335551000007	11.918846653	14.611695001	13.25207468	19.276011038	13.020386169000002
M00565	697.4946494239999	882.1863978479998	869.7782523459998	864.3486428619999	884.4394303229997	848.9098996519999	849.583550555
M00567	6963.421087713003	4814.637462716999	4066.740296781001	3211.629552594	3056.3840727160014	1958.7514612139998	1574.533972383
M00568	428.15611083100015	304.5619224740001	288.30498389600007	308.920359045	296.20256227499993	476.3249278169999	455.587299171
M00569	119.90613634699996	267.510155111	255.43419559600005	299.5856909829999	303.59881434700003	450.29425426600005	413.72493226999995
M00570	1818.4291546780005	2162.995264597	1939.0843660129997	2073.9753866280007	2028.0165674149996	2076.778949595	2017.137978602999
M00572	2857.3111701189996	2617.3374778730017	2291.3481404230006	2422.133765484999	2388.022230639001	2865.934178694	2657.1864309590005
M00573	556.6444659719999	478.322283232	437.98122288900004	474.10437415700017	463.46707392400015	560.282283385	565.672793773
M00575	821.7510101729997	699.2614892709997	619.3845327790003	618.5758708739999	577.0296358100004	502.6219595470002	437.9044766980002
M00577	680.715106698	571.183330996	512.0373582100001	562.9563932320002	546.7714804240002	706.8192905559999	707.6464396239999
M00579	431.583344404	584.4957068179999	565.0934475900001	587.41951243	577.882749983	472.12780362599995	451.095717521
M00580	79.71659359699999	135.57531896100002	165.83163644100006	150.161135332	143.134165926	223.35504642400002	207.8769754390001
M00595	122.831450224	182.608206963	197.109668744	242.978380162	226.750581879	393.85510719999996	396.0652563819999
M00596	1064.0627676049999	708.3412024350001	556.295199733	475.64688175399993	453.40026385899995	302.95765384900005	204.75054309400002
M00597	0.28847030900000004	0.633308784	0.688016524	0.7063187370000001	0.35979069799999996	3.334131578	2.7255436060000005
M00598	0.258586039	0.020991155	0.1253714	0.131976483	0.280690929	0.047569803	0.013557362
M00608	43.31189704599999	52.893527789000004	73.615215259	65.129326289	66.445388702	43.672319564999995	58.832750577
M00609	370.1164969450001	431.70226439299984	488.8382191920001	488.7476074580001	510.5053494289999	417.90810755499984	491.8489944050002
M00615	185.84538303699998	446.05297385499995	367.714345949	469.19813012599997	437.86552405	685.8033019010002	497.663006546
M00616	86.81380394300001	212.048050671	153.009314749	213.79814454400002	195.53728849299998	339.927248919	326.63874707400004
M00620	4038.0460621720003	3254.9315146160006	3223.0199532070005	2922.0261812909994	2849.0677093170007	1989.3569782740005	2081.47233816
M00622	19.750714865	30.460099168	32.340502277	67.205854705	57.777835524	259.675180666	362.662807171
M00623	6.5706773609999996	10.246224185	7.824417482000001	11.910061097000002	9.400382653000001	11.030735003	7.542214374
M00627	67.192159498	177.71324340900003	211.04933762400006	228.61043524500002	269.3938697520001	350.0940598369999	396.437752722
M00630	0.110141481	0.22145969	0.25508948800000003	0.26219969600000004	0.097626248	0.286781847	0.091949212
M00631	191.31632934	318.74384641	269.1496336309999	326.180117672	321.04309185	472.4524910260001	510.1345452300001
M00632	1276.486256575	1175.1652052709996	1174.4624539510005	1168.4873373799996	1191.2028085669997	987.0270620090005	1026.6366073329998
M00633	17.273954034000006	27.622545375	29.712356136000004	37.014007568000004	35.35727622899999	46.171823883	36.64834445300001
M00637	0.512941984	2.714571675	2.080164306	2.9661326390000005	2.822212624	3.246709841	4.280651307
M00638	3.866573758	10.815440915	7.8438500520000005	10.324077626000003	9.503188602000002	60.282875133999994	87.211860327
M00639	0.34844295000000003	0.7262421529999998	0.6182377170000001	0.5369279899999999	0.8569774530000001	64.381233694	107.66379301100001
M00641	99.05619559699997	194.41461620500002	162.35588348900004	236.76309727900002	212.98217959500008	496.167216396	413.78569709
M00642	465.9560957450002	483.7444891970001	370.5811811099999	444.47888828300006	422.73148757700005	673.9367766390002	619.406923853
M00643	266.02956184900023	218.25736231900004	168.12375393299993	176.0987885530001	176.89164475299998	254.56636879600015	247.2907721739999
M00649	25.372369131	64.738377043	50.961410581	61.551785576	53.559422858000005	71.194887359	104.172460962
M00651	354.65604351900004	394.949508608	396.61331446400004	347.31900393800004	350.278107632	233.95585612500003	274.80319077599995
M00652	3.3052033960000005	3.584620759	28.787801561	24.152228561999998	27.618397885	2.374881278	29.073575622999996
M00660	19.995858708	32.800662585999994	33.641361232	68.415354545	62.457805265999994	366.38171991799993	437.43442285
M00664	1.2637610499999998	1.688303364	1.581982778	1.7997353889999999	1.5386811009999999	1.159813204	0.6618113080000001
M00673	0.5739075229999999	1.3689065580000002	1.191283326	1.673427775	1.363198593	20.914886577	32.885158625
M00696	756.8446244469998	631.8148690589998	544.5191701980003	536.3600665549999	502.35702437700036	452.1863257660002	412.21364115500023
M00697	756.8446244469998	631.7818978509997	544.5191701980003	536.3600665549999	502.35702437700036	452.1814906520002	409.2286949140002
M00698	28.325764066999998	56.164126439	43.57142906000001	71.846601702	66.71499254399998	249.16187445800003	298.02516812399995
M00700	0.393796812	0.976799618	11.871491364999999	10.735525443999999	14.700742255000002	3.320273649	18.17294622
M00702	0.413641612	1.051463673	13.678779162	13.539251633	17.069633007	4.259195372000001	19.818792542
M00704	0.0	0.609177787	4.3887771760000005	4.3305662589999985	7.734635839	2.812786023	6.983630709
M00705	66.085663994	79.786994093	80.96277405500003	78.60061978400003	79.49890976999998	42.16416764800001	70.6049302
M00714	9.968555818000002	17.918246454000002	13.368432724999998	24.576631886999998	20.794721124000002	31.361963696999997	30.25306631
M00718	772.628214294	884.7720402080001	734.4304172559998	831.048472976	826.448581951	1127.9266017290001	994.8750116649998
M00725	1.2533206999999997	3.4510960049999997	26.569313798	29.889162354	41.696949707	29.825167229999998	55.359877665
M00726	108.338184001	45.07088064999999	31.807296171999997	35.469409117999994	35.868506026000006	49.808667738000004	40.961988911999995
M00736	0.108178359	0.28126391300000003	0.562948165	3.578728153	4.051191633999999	29.055705038000003	42.719109347
M00740	1029.6642008320002	1083.1273954780004	1053.451099566	1039.6733058000002	1037.3218397370001	1059.7604080079993	1085.2224744280002
M00741	679.3200950360001	600.027288555	553.887418606	524.463816687	501.150718157	429.2777969409999	459.402467816
M00744	47.295362325	109.94515194099998	86.64832119399999	119.132887339	109.43175416000003	229.885402386	171.65976233499998
M00745	340.952901177	403.44430443000005	330.14649519100004	415.12799922399995	380.2350676860001	888.44619972	811.7874630339999
M00746	2.097520643	19.99007824	11.101213055	23.492385443000003	23.346420868000003	50.107215116999996	45.647929267
M00761	159.813717276	102.23482954800001	79.02453298799999	82.05875786600001	79.05406634699999	103.413442633	148.166329644
M00763	1.5324499440000001	0.676328327	1.817983555	0.378142774	0.394735388	0.078192863	0.064828838
M00769	202.430047258	196.20587799900008	154.570655861	173.1755568340001	161.79416386300002	245.3478488110001	226.55986391
M00778	152.90820212	106.203882156	101.05841452300002	119.05676960999999	104.966040051	217.34052143700004	218.2711279769999
M00779	0.723185649	2.8680789850000004	0.8067288140000001	1.217160999	1.494512347	4.162621831	2.317862669
M00781	256.401351193	278.10287996700004	248.942328936	183.21517857199996	185.25100545200002	106.05418671	69.81179967599999
M00783	65.93206390600001	75.94711086	79.44121297900001	71.33338054000002	70.914667255	32.067807434	37.69192137
M00787	2.826109721	8.224239905	9.195772721	12.564456606999999	16.310998808	58.030373456	47.031339984999995
M00789	1.086678152	3.7331035339999996	3.606945299	4.970822199	4.966591558999999	30.760260926999997	77.92745115900001
M00790	1.121886843	4.252991799	3.968163493	5.422817106	5.351478305999999	30.993353905	78.81477530200002
M00793	980.4841260860001	1028.941976564	1041.9011146709997	951.6233361940001	942.2759728619998	969.4645243649999	1005.2943270540002
M00796	0.0	0.0	0.0	0.0	0.0	0.0	0.401321379
M00797	152.476105615	111.21345573800002	94.93653908899998	109.90886529599999	106.51466519600004	148.14517614699997	114.67686871200002
M00798	0.680682484	1.1252111870000001	2.78266392	3.69659928	3.327184452	2.595422622	4.051434844
M00799	0.830054032	1.292600726	2.365743803	3.7191993009999997	3.6513664500000003	2.58036987	3.8864918
M00800	0.666432483	1.0853027020000001	2.131155578	3.232787952	2.820900221	0.760608695	1.525286938
M00801	0.675447346	1.093718363	3.045946347	4.800886578	4.413676419	0.844522987	2.534872578
M00802	0.675447346	1.093718363	3.045946347	4.800886578	4.413676419	0.844522987	2.534872578
M00803	0.666432483	1.0853027020000001	2.131155578	3.232787952	2.820900221	0.760608695	1.525286938
M00804	434.7272994099999	293.943819968	220.138201081	228.34253213300002	211.234719895	241.241162488	175.35500064
M00808	0.0	0.67378301	0.017308493	0.132511821	0.223566669	3.191746471	1.506717486
M00811	0.316108493	0.7346802809999999	0.56086917	0.8314861659999999	0.9005263659999999	0.559653263	0.180677439
M00814	0.0	0.031486732	3.736067727	3.287414209	6.272362673	1.274870709	6.3990746760000015
M00815	0.34334138799999997	0.8909312009999999	0.798110592	0.6559401370000001	0.5891300429999999	0.430008623	0.181369163
M00823	0.0	0.0	0.0	0.0	0.0	0.0	0.82363886
M00824	32.490589635	99.02019443200001	89.963481282	84.59022411699999	94.407179018	115.64452085099998	97.20606211299999
M00825	26.820654997000002	83.12741059000001	70.399092068	49.87646391900001	45.482849127	29.584932277	16.484989209000002
M00827	0.0	0.000639411	0.0007637869999999999	0.001461866	0.002630805	0.002898044	1.580024603
M00828	0.0	0.000639411	0.0007637869999999999	0.001461866	0.002630805	0.002898044	1.580024603
M00830	10.536206981999998	23.558950863000003	19.06363392	25.622953185	23.999261376	45.128978428	32.357116453
M00832	0.0	0.000639411	0.0007637869999999999	0.001461866	0.002630805	0.002898044	1.580024603
M00835	204.76388300099998	169.3011108100001	183.43713216100014	206.78077115600001	208.91713785399998	247.88466384	272.2190385160001
M00836	63.92870225899999	83.834764675	102.979793369	94.013793915	97.199543155	72.946378952	82.93761555700002
M00837	110.943716499	31.152894415000002	18.049572003	13.072539804	9.682132015999999	2.4792114730000003	1.7620339090000001
M00838	110.943716499	31.152894415000002	18.049572003	13.072539804	9.682132015999999	2.4792114730000003	1.7620339090000001
M00840	404.226928742	495.1945114490001	422.0204230640001	460.301852648	467.37142544999995	584.586250636	552.5111858090002
M00841	306.2950644829999	343.7711300840001	325.04569697	362.7055393000001	357.837816611	385.5857833130001	386.05572295499996
M00842	279.5572645	303.5816346750001	310.805700819	353.75852671300004	342.92730475400003	413.78918568300014	375.156353627
M00843	279.76031171999995	303.6290224320001	310.862306275	353.77206936400006	342.96386222200005	414.06839796600013	375.76683648299996
M00844	883.6239047840002	982.4401987830004	950.5604527139999	966.4798619440002	945.584154903	862.6581126500001	876.923364132
M00845	1207.3214834110004	1224.135341644	1123.2905216569998	1188.5472105640004	1142.81382788	1190.3389237030003	1199.600625696
M00846	1611.838991998	1455.844659156	1310.161065371	1373.487934072	1325.1618469369998	1526.413616951	1374.569847526
M00847	718.3505022580001	615.228236446	534.0389317070002	487.73767601199995	471.6285293000001	476.7080221830001	350.53612835399997
M00848	606.8883950730001	620.0990038499998	636.3443480020003	619.884280069	645.2605140440003	559.8757477369996	580.8635863200006
M00849	1587.076127413	1321.018267068001	1159.9833555759992	1033.2661920749995	990.0239670709991	988.6519021119997	911.9333160650002
M00850	15.215496176999999	20.358970126	16.391104043	14.953190665	13.713929384	12.53346627	11.613455491
M00851	0.0	0.236157743	0.036366924	0.23437254500000002	0.179339699	2.8885363500000003	1.140463202
M00852	0.066047039	0.247248594	0.184681732	0.581896889	0.20995859100000003	0.16714895300000002	0.046148672
M00854	756.357672805	981.7632812129997	976.1420598409999	962.34264044	994.858484224	831.948836533	863.6037305320001
M00855	948.6581464480003	1101.835022715	1009.994794522	1049.5608834749996	1044.512413385	989.9070109759999	898.7920754220004
M00860	91.961402628	149.52706246700004	139.82122320100007	130.290565639	126.295854329	112.19871567099999	109.13749877299996
M00861	99.92748719	26.891373502999997	15.710258292999999	11.561738735999999	8.679073466	3.9447801160000004	2.614728487
M00862	99.45306939	25.62769589	14.89628612	9.938827965	7.357669876	2.133831632	1.656097098
M00866	1942.591117082	1536.168179214	1316.0922181739998	1374.1282552750004	1348.6253813709998	1689.5700752120001	1492.630132762
M00867	255.36699469700002	208.58350211200002	158.99063731500001	166.52245889199997	163.02712784699997	289.135108888	271.888731294
M00868	1166.5614161600001	1173.8503223860002	1055.8400155760003	1108.6719708919998	1069.4183056330003	1306.6677102890003	1193.4666933300002
M00872	1.265836655	2.412884229	6.429001821000002	3.225656209	2.8523031430000003	7.106222796000002	11.026504308
M00873	631.2891879829998	771.8688722309998	701.800030065	742.724038834	742.4842246630002	710.8724265550004	631.2456539819999
M00874	2391.661216726999	2090.691597544001	1805.2280397970007	1841.988619287999	1799.964746486001	2074.5355412739996	1900.3270955430005
M00875	7.2376188290000005	3.37149548	17.752845232000002	16.870602851	14.910230308000001	7.531721457	26.162514741000006
M00876	8.763737977999996	11.784297874999995	58.777465037000006	49.74344147300003	60.781004382	13.173306507000001	49.982848455
M00877	3.605664162	15.623032958	7.724436956999999	13.538530287999999	12.459153818999999	19.397782397	14.64666292
M00878	3515.5152515839995	2199.7665573220006	1816.8919899860002	1807.598092069	1657.8749142169995	2017.1967973129995	1991.452611541
M00879	175.91862824700002	186.21960904199997	124.964802728	169.00501511700003	160.10006908699998	324.440440731	249.11914635000002
M00880	1522.4509374900001	1419.7116779870003	1330.1287929870007	1316.553927872	1258.1030674509998	1235.4798958010006	1155.924138442
M00881	425.49366825899995	446.59176300199977	359.7325417320001	379.17881993400016	363.3113953909999	425.96108509299995	359.9700380259999
M00882	245.09404591400002	288.0428306709999	239.15410725200002	243.0275180160001	232.3425895709999	243.92314927299992	204.94175935
M00883	264.409422165	319.0204767529999	264.68680643700003	272.3217805490001	258.9199576409999	298.9129639169999	250.600169233
M00884	245.09404591400002	288.0428306709999	239.15410725200002	243.0275180160001	232.3425895709999	243.92314927299992	204.94175935
M00892	861.6923925599997	995.0859145000001	951.3220077610004	962.6810585610002	967.9886892840001	914.7091652429999	939.0140655180002
M00895	298.65485656399994	270.367570679	343.24861680899994	330.4909527430001	333.5303831709999	300.4594168440001	324.520175312
M00896	144.913866295	58.066425599000006	50.70409207899998	39.49080227500001	35.759814131999995	21.71066023	21.686094948
M00897	0.084482147	0.098583459	0.07065573900000001	0.7212429090000001	0.6287014120000001	1.537048278	0.967801942
M00898	0.084482147	0.098583459	0.07065573900000001	0.7212429090000001	0.6287014120000001	1.537048278	0.967801942
M00899	165.3719848180001	153.28707764700002	111.501374073	99.69469521100001	95.380659199	86.06641783200003	79.84423746300001
M00903	2.7622246550000003	4.896429645	4.153290588999998	6.126503639000001	5.6234235460000015	6.651878707000001	4.645977652
M00909	1485.5682344099998	1618.1957895600003	1520.379245433	1526.6127219870002	1526.1423903439998	1419.4346472409995	1425.8159589860002
M00911	31.315931908	64.22784598	68.88048655600002	86.46735378	84.64221674000002	141.32289521899997	142.84853428800005
M00912	1251.086259436	1140.845511827	1148.1944220519995	1155.664453579	1151.362263374	1134.0892247020001	1182.234833586
M00913	494.59282478299986	498.71377509099983	508.53850577799983	503.80197648199976	510.0128602049997	496.93875884400006	473.43308868800005
M00914	780.122197202	806.4856076359997	855.1186886969996	826.9582760679998	826.6258147879997	812.2560528070002	769.6265374790001
M00915	0.016800427	1.7776638990000002	0.238968653	0.34542481199999997	0.464253691	6.421292687999999	3.44493243
M00916	44.853169311	51.42666623400001	75.79338295500001	65.15797238799999	72.523139916	44.07480477500001	49.95981968700002
M00917	0.074700687	0.648850875	0.45970687500000007	0.716760866	0.6821541200000001	2.726660881	1.5021665740000003
M00918	11.260870474	16.911610991	14.224948085	17.076280726	16.871986911	44.283273779000005	42.580070784
M00919	27.61108708	90.229285876	48.070618943	73.649090998	66.99732207400001	105.706599802	87.780020834
M00921	13.330558464000001	15.943633290999994	29.20385766300001	18.767763422999998	18.981195275999998	13.697026249	14.506588999999998
M00922	133.78903305900002	50.65404945700001	61.809525347999994	66.491899679	62.09346899999997	35.254338021	38.47558118300001
M00923	97.97325401799999	178.97196728899993	271.32611533	216.562860157	217.645329732	118.88787067499996	153.82762005599994
M00924	1572.9839535820001	1891.855381232	1769.422686625	1752.943931362	1694.925332274	1412.6757402549997	1301.757086199
M00925	1035.0357124920001	1252.175366247	1188.0295645479998	1197.7418042980003	1145.259417669	1063.372499725	1055.1429094870002
M00926	1798.2150986010001	1596.658234314	1442.355963406	1472.732697789	1431.613974214	1604.039463906	1472.7800783450002
M00930	828.4751785719999	397.69965029799994	352.152849492	308.554550765	276.16785461300003	128.374093969	132.137534649
M00931	584.137330691	320.51262094099997	295.139096188	255.23647298999998	228.876901443	98.85195628599999	106.74009509199999
M00932	111.08675661400007	75.966438454	60.91805419200001	106.440678324	107.136546711	174.272225881	177.07120402200002
M00933	0.01913835	0.223328224	0.181403084	0.245082542	0.147018599	0.105269356	0.0
M00935	183.356238018	139.716309108	138.445823773	126.34535231199999	123.55995820200002	96.77778691899996	89.558908478
M00936	27.32302576	77.33930588999999	68.265075596	56.901642321000004	62.421188458	44.047663441999994	30.675150565000003
